0.095000029 0.039291585 0.000437133 -0.058574256 -0.000169299 0.000905125 0.003523929 0.999993367
0.145000219 0.090095167 0.001148432 -0.134351195 -0.000258683 0.001199967 0.005235234 0.999985543
0.195000172 0.160925126 0.002189772 -0.239810892 -0.000351072 0.001158376 0.006881532 0.999975589
0.245000124 0.251201663 0.003631909 -0.373549885 -0.000452613 0.000416766 0.008481040 0.999963846
0.295000076 0.360564269 0.005510248 -0.533677051 -0.000670509 -0.001467147 0.010049836 0.999948198
0.345000029 0.488854474 0.007833596 -0.717473457 -0.001012328 -0.005181124 0.011638128 0.999918339
0.395000219 0.636267092 0.010607643 -0.921174748 -0.000902561 -0.011326650 0.012823250 0.999853218
0.445000172 0.803263299 0.013924525 -1.139825087 -0.000977483 -0.020542961 0.014293558 0.999686314
0.495000124 0.990752077 0.017751723 -1.367267012 -0.000867893 -0.033412129 0.015566237 0.999320053
0.545000076 1.199582891 0.022347052 -1.596369527 -0.000793220 -0.050360562 0.016967230 0.998586650
0.595000029 1.430538785 0.027828989 -1.819745894 -0.000747857 -0.071329329 0.018193162 0.997286607
0.645000219 1.683764929 0.034365896 -2.030488361 -0.000889771 -0.096112857 0.019752177 0.995174044
0.695000172 1.958638727 0.042122246 -2.222950920 -0.001077138 -0.123955436 0.020973406 0.992065525
0.745000124 2.253253320 0.051242451 -2.393232656 -0.001797878 -0.154039752 0.022227229 0.987812975
0.795000076 2.564620037 0.061228519 -2.539414667 -0.000861492 -0.185241997 0.023936260 0.982400995
0.845000029 2.888867050 0.072539223 -2.661132305 -0.000541412 -0.216875293 0.025386148 0.975869027
0.895000219 3.221240644 0.085006614 -2.759154631 0.000008585 -0.248729194 0.026988809 0.968196980
0.945000172 3.556880820 0.098541334 -2.834909984 0.000824182 -0.280174926 0.028627010 0.959521665
0.995000124 3.890826296 0.113250570 -2.889960380 0.001072240 -0.311590704 0.029953332 0.949743587
1.045000076 4.218256442 0.128721208 -2.925565309 0.001611350 -0.343058851 0.031557111 0.938782284
1.095000029 4.534622156 0.144916103 -2.942574982 0.002292313 -0.374700390 0.033139805 0.926550655
1.145000219 4.835367093 0.161565681 -2.941292400 0.003509756 -0.407729268 0.034848126 0.912430893
1.195000172 5.116162219 0.178484713 -2.921614507 0.004658521 -0.442341288 0.036737362 0.896081943
1.245000124 5.372747543 0.195516771 -2.883197992 0.006562703 -0.479333564 0.038469913 0.876764695
1.295000076 5.600952928 0.212389353 -2.825603945 0.008513695 -0.519209687 0.040695664 0.853634981
1.345000029 5.796630504 0.229003116 -2.748384726 0.010801341 -0.561970748 0.042706719 0.825983260
1.395000219 5.955678449 0.244997535 -2.651443699 0.013476392 -0.607681732 0.044578859 0.792813991
1.445000172 6.074342538 0.259992920 -2.535241430 0.016307428 -0.655714820 0.046755123 0.753383104
1.495000124 6.148951676 0.273725458 -2.401102962 0.019409782 -0.705485512 0.048514153 0.706795465
1.545000076 6.176635983 0.285806522 -2.251284965 0.022612936 -0.755638833 0.050169523 0.652672680
1.595000029 6.155455294 0.295848685 -2.089255223 0.025894319 -0.804682933 0.051468842 0.590902547
1.645000219 6.084453808 0.303341736 -1.919665711 0.029138607 -0.850981117 0.052304194 0.521772317
1.695000172 5.964282347 0.308027863 -1.748183300 0.032124655 -0.892842434 0.052714296 0.446118367
1.745000124 5.797282392 0.309588777 -1.581153876 0.034781472 -0.928720985 0.052427188 0.365402479
1.795000076 5.587523395 0.307785170 -1.425412635 0.037057254 -0.957536697 0.051511896 0.281241458
1.845000029 5.340596584 0.302617274 -1.287566232 0.038800609 -0.978638828 0.050000847 0.195602844
1.895000219 5.063521182 0.294163791 -1.173366427 0.040095993 -0.991904602 0.047835042 0.110586528
1.945000172 4.764113900 0.282618610 -1.087460221 0.040763356 -0.997750256 0.045153624 0.028176672
1.995000124 4.256990367 0.268266194 -0.907545384 0.042254423 -0.988950582 0.043183642 -0.135375340
2.045000076 3.740284222 0.248972451 -0.793017737 0.042781836 -0.956853663 0.040240944 -0.284572396
2.095000029 3.228468255 0.225591673 -0.744033033 0.042520425 -0.907283757 0.036639411 -0.416756226
2.145000219 2.734631772 0.199093866 -0.757882623 0.041602728 -0.845771222 0.032577780 -0.530922727
2.195000172 2.269227652 0.170390985 -0.829394485 0.040207467 -0.777084470 0.028318447 -0.627472032
2.245000124 1.839631024 0.140326259 -0.951817021 0.038442737 -0.704983618 0.023953086 -0.707775744
2.295000076 1.450026543 0.109688018 -1.117687605 0.036500864 -0.632301140 0.019643124 -0.773613019
2.345000029 1.101906304 0.079029368 -1.319722917 0.034464274 -0.560873915 0.015478682 -0.827038739
2.395000219 0.794702110 0.048715728 -1.551305842 0.032349116 -0.492009330 0.011490649 -0.869912823
2.445000172 0.526343972 0.019047876 -1.806680684 0.030236547 -0.426299579 0.007784154 -0.904043045
2.485000134 0.327086494 -0.005508908 -1.996244466 0.028748533 -0.373353248 0.004771577 -0.927231420
2.545000076 0.089832688 -0.037792768 -2.379205248 0.026043873 -0.304282032 0.000894535 -0.952225478
2.595000029 -0.081500816 -0.064955409 -2.681505629 0.024106437 -0.248510854 -0.002197347 -0.968326601
2.645000219 -0.227620736 -0.091348702 -2.994542412 0.022288846 -0.195170707 -0.005103180 -0.980502708
2.690000057 -0.338529478 -0.114445025 -3.262525482 0.020756447 -0.149119076 -0.007488708 -0.988573007
2.745000124 -0.456815658 -0.142180967 -3.651573876 0.018482454 -0.093178742 -0.010450512 -0.995422979
2.795000076 -0.543118876 -0.166780487 -3.987840737 0.016637092 -0.042111813 -0.012754779 -0.998892946
2.845000029 -0.612670876 -0.190861988 -4.329110523 0.014506557 0.010134318 -0.015141231 -0.999728762
2.895000219 -0.665571488 -0.214441659 -4.673707358 0.012270073 0.064103054 -0.017616980 -0.997712326
2.945000172 -0.701086055 -0.237305006 -5.018675092 0.009783486 0.121722117 -0.019853744 -0.992317408
2.995000124 -0.718018312 -0.259278479 -5.360054359 0.006920211 0.183799452 -0.022495062 -0.982681965
3.045000076 -0.714741808 -0.279975786 -5.692715342 0.003637553 0.251451743 -0.025143889 -0.967536342
3.095000029 -0.689429680 -0.299018233 -6.010197735 -0.000170127 0.325195476 -0.028118961 -0.945228648
3.145000219 -0.641019670 -0.315879143 -6.304904086 -0.004545280 0.404926506 -0.031370619 -0.913799622
3.195000172 -0.569687728 -0.330027650 -6.568547328 -0.009526359 0.489749062 -0.034938105 -0.871111034
3.245000124 -0.477288887 -0.340978400 -6.792961563 -0.015080602 0.577692834 -0.038968123 -0.815184059
3.295000076 -0.368532603 -0.348329256 -6.971431115 -0.020839006 0.666540386 -0.042991148 -0.743936429
3.345000029 -0.250649548 -0.352316887 -7.100124516 -0.026947632 0.752131557 -0.047219091 -0.656766552
3.395000219 -0.132506335 -0.353250493 -7.178513660 -0.032936932 0.829975109 -0.051442455 -0.554445805
3.445000172 -0.024321396 -0.351768682 -7.210506787 -0.038567034 0.896034711 -0.055389005 -0.438823928
3.495000124 0.063762641 -0.348786411 -7.204897592 -0.043364777 0.946863402 -0.059096237 -0.313172203
3.545000076 0.123425603 -0.345473909 -7.174397168 -0.047280159 0.980391869 -0.062119773 -0.180935081
3.595000029 0.149390442 -0.343001568 -7.133402411 -0.050078268 0.995542136 -0.064500870 -0.047198091
3.645000219 0.139195914 -0.330921116 -6.925161975 -0.052683481 0.983898495 -0.066811274 0.157176512
3.695000172 0.077647121 -0.323557867 -6.748440012 -0.052806657 0.934280338 -0.067072597 0.346168997
3.745000124 -0.025021862 -0.321418821 -6.620237302 -0.050506065 0.853917996 -0.065534477 0.513788308
3.795000076 -0.154327760 -0.324348832 -6.550847820 -0.046389827 0.749850432 -0.062531900 0.657009950
3.845000029 -0.295263213 -0.332144335 -6.543337399 -0.040526294 0.629228030 -0.058349684 0.773967066
3.895000219 -0.433507517 -0.343966100 -6.595012926 -0.033437247 0.496820500 -0.053335283 0.865567264
3.945000172 -0.557653057 -0.358632764 -6.698730311 -0.025127389 0.356790817 -0.047210694 0.932652174
3.995000124 -0.658334618 -0.374984123 -6.843951608 -0.016409447 0.212200058 -0.040833013 0.976234875
4.045000076 -0.729051321 -0.392057441 -7.018180750 -0.006867808 0.064909592 -0.033684300 0.997298825
4.095000029 -0.766084278 -0.408967394 -7.208176137 0.003052925 -0.082581503 -0.026556961 0.996225729
4.145000219 -0.768696084 -0.424875722 -7.400179098 0.013375021 -0.228991003 -0.018594079 0.973159026
4.195000172 -0.739050787 -0.439169865 -7.581052624 0.023652542 -0.371645070 -0.010397610 0.928015295
4.245000124 -0.682159195 -0.451712872 -7.738851262 0.033718642 -0.508415426 -0.002210850 0.860448674
4.295000076 -0.605813826 -0.462326305 -7.865317046 0.043471212 -0.635025875 0.005946755 0.771243819
4.345000029 -0.520905115 -0.471354949 -7.956195626 0.052390979 -0.747996324 0.014324455 0.661476753
4.395000219 -0.439389695 -0.479370928 -8.011214370 0.060042276 -0.842979737 0.022332730 0.534117344
4.445000172 -0.373189148 -0.487064026 -8.035658841 0.066626910 -0.916763639 0.029569397 0.392722466
4.495000124 -0.332944500 -0.495531362 -8.040218205 0.071533513 -0.966831833 0.036235070 0.242499863
4.545000076 -0.325656934 -0.505503888 -8.038841280 0.075220576 -0.992343761 0.041779059 0.088601557
4.595000029 -0.354447965 -0.517600354 -8.046840950 0.076360625 -0.993921645 0.046716332 -0.064081214
4.645000219 -0.439628335 -0.529256180 -7.948399959 0.076509731 -0.960832232 0.050689838 -0.261492301
4.695000172 -0.564864879 -0.545621199 -7.901701821 0.072898928 -0.893022504 0.053207126 -0.440869091
4.745000124 -0.716825142 -0.566409655 -7.917874122 0.067567503 -0.796941460 0.054075714 -0.597825023
4.795000076 -0.880369318 -0.591303960 -8.000772305 0.060822304 -0.679749031 0.053884610 -0.728929593
4.845000029 -1.040805074 -0.619502042 -8.148335472 0.052734350 -0.547205248 0.052410992 -0.833689746
4.895000219 -1.184959375 -0.649966888 -8.352866304 0.043562516 -0.403599050 0.050030744 -0.912527829
4.945000172 -1.302839677 -0.681624810 -8.602658557 0.034182560 -0.252729232 0.046907000 -0.965794606
4.995000124 -1.388055493 -0.713841133 -8.884247798 0.024920534 -0.098005802 0.043147562 -0.993937683
5.045000076 -1.435868530 -0.745981315 -9.182475296 0.016018344 0.058717984 0.037550568 -0.997439505
5.095000029 -1.445454640 -0.777311190 -9.481253332 0.007882756 0.215166322 0.031664002 -0.976032124
5.145000219 -1.419813148 -0.807379063 -9.764752558 0.000194960 0.369388874 0.025165204 -0.928934085
5.195000172 -1.365690680 -0.835900202 -10.018812800 -0.006643643 0.516365356 0.015875224 -0.856195456
5.245000124 -1.293116007 -0.862398871 -10.232875920 -0.012121739 0.651706480 0.005923193 -0.758351267
5.295000076 -1.215208961 -0.886661479 -10.400593018 -0.015862248 0.769409364 -0.005591090 -0.638534541
5.345000029 -1.147703545 -0.908240158 -10.523284339 -0.017594947 0.866621228 -0.017845218 -0.498336848
5.395000219 -1.106129551 -0.927210852 -10.609747777 -0.019339362 0.939608422 -0.029130353 -0.340460606
5.445000172 -1.102646618 -0.943787954 -10.675826983 -0.016162836 0.983902500 -0.042152379 -0.172909833
5.495000124 -1.144230695 -0.959591866 -10.741506989 -0.010917889 0.998420695 -0.054875381 -0.005060462
5.545000076 -1.256757610 -0.965574090 -10.729317019 -0.004480823 0.976986608 -0.068461882 0.201965492
5.595000029 -1.416426284 -0.967022285 -10.768314510 0.004555592 0.916403039 -0.080229299 0.392107098
5.645000219 -1.605979787 -0.964775685 -10.873666007 0.013813295 0.822649719 -0.089643431 0.561267039
5.695000172 -1.806182640 -0.959344631 -11.049847582 0.023872137 0.704358768 -0.097085116 0.702768331
5.745000124 -1.999172936 -0.958540537 -11.291843612 0.033694792 0.568256636 -0.102946934 0.815690496
5.795000076 -2.172642451 -0.958005690 -11.588234257 0.044462054 0.419173858 -0.106890531 0.900494762
5.845000029 -2.318243274 -0.957509765 -11.926090037 0.055309426 0.262926139 -0.109358622 0.957001256
5.895000219 -2.431563163 -0.957564818 -12.291457212 0.065609729 0.101528798 -0.111212402 0.986417289
5.945000172 -2.509707957 -0.958666145 -12.669780392 0.074758789 -0.062310239 -0.112026667 0.988927997
5.995000124 -2.552093413 -0.962311068 -13.045132407 0.083132313 -0.225582005 -0.111262688 0.964272986
6.045000076 -2.562859595 -0.969624815 -13.401299809 0.089363257 -0.386432257 -0.108921589 0.911493503
6.095000029 -2.550021028 -0.986157645 -13.723531216 0.092450976 -0.540364957 -0.104537565 0.829777336
6.145000219 -2.526791614 -1.012898881 -14.000023473 0.092538676 -0.680882946 -0.098099564 0.719869073
6.195000172 -2.509482927 -1.049662981 -14.226547525 0.089137831 -0.802868123 -0.090502472 0.582465902
6.245000124 -2.515149357 -1.092127031 -14.406596966 0.082314498 -0.898547791 -0.081232717 0.423364425
6.295000076 -2.558277515 -1.142950471 -14.554240943 0.073003503 -0.963033259 -0.071043240 0.249379807
6.345000029 -2.646474910 -1.199860198 -14.689985131 0.060190343 -0.994059509 -0.059286578 0.068614264
6.395000219 -2.827288948 -1.256755974 -14.761481168 0.042388730 -0.987023149 -0.044672236 -0.148300003
6.445000172 -3.055313911 -1.306569118 -14.876312479 0.023052310 -0.936307191 -0.029554833 -0.349176096
6.495000124 -3.311540072 -1.348207427 -15.053886671 0.003560881 -0.850175743 -0.014226099 -0.526294731
6.545000076 -3.573981261 -1.381052248 -15.302475738 -0.015440084 -0.737564607 0.000241381 -0.675099989
6.595000029 -3.822791055 -1.411737277 -15.620172633 -0.032994327 -0.606542404 0.014556141 -0.794232841
6.645000219 -4.042789690 -1.441183899 -15.996945251 -0.048698340 -0.462588666 0.027960136 -0.884792873
6.695000172 -4.224844020 -1.470234537 -16.417407517 -0.062194892 -0.308180179 0.040816958 -0.948414861
6.745000124 -4.365057817 -1.493358492 -16.863506967 -0.073541615 -0.143305920 0.052176390 -0.985562108
6.795000076 -4.462168198 -1.515904479 -17.316164559 -0.081941394 0.029347007 0.062581567 -0.994237350
6.845000029 -4.517885510 -1.540735875 -17.754959778 -0.085944893 0.204828704 0.073964019 -0.972207797
6.895000219 -4.538676634 -1.563465076 -18.158485141 -0.086712405 0.378339405 0.082482032 -0.917898125
6.945000172 -4.535430216 -1.585366329 -18.507327750 -0.083518326 0.544772801 0.089469935 -0.829603770
6.995000124 -4.524388366 -1.607649822 -18.787382846 -0.075378673 0.697077110 0.091701266 -0.707101432
7.045000076 -4.525564573 -1.632432162 -18.995128883 -0.062127149 0.826413087 0.087702364 -0.552711428
7.095000029 -4.558846109 -1.654485035 -19.139888560 -0.043401548 0.923691400 0.078010747 -0.372592037
7.145000219 -4.638624878 -1.670137067 -19.244587873 -0.019602955 0.981980922 0.063708331 -0.176834501
7.195000172 -4.768675966 -1.675540956 -19.341022725 0.011075513 0.998682186 0.044206583 0.023600913
7.245000124 -4.995993373 -1.657612152 -19.391801215 0.048938884 0.967226971 0.020273683 0.248326297
7.295000076 -5.255457047 -1.622310732 -19.500764169 0.085646442 0.888878356 -0.003275666 0.450054691
7.345000029 -5.520354504 -1.576258020 -19.684644343 0.119671851 0.774596977 -0.025154089 0.620520301
7.395000219 -5.765358576 -1.513686932 -19.943875036 0.148028186 0.634086215 -0.045973516 0.757567663
7.445000172 -5.971495780 -1.444416669 -20.266679918 0.172469356 0.474815836 -0.065328322 0.860544277
7.495000124 -6.126528050 -1.367322137 -20.632828292 0.192154008 0.300948192 -0.084625137 0.930239544
7.545000076 -6.224734916 -1.290061313 -21.017533738 0.207008550 0.115369922 -0.103599376 0.965973297
7.595000029 -6.265225189 -1.213029210 -21.393205406 0.216128519 -0.077342004 -0.122271470 0.965586022
7.645000219 -6.254135134 -1.138978631 -21.731119733 0.219103833 -0.274442529 -0.140286335 0.925740003
7.695000172 -6.204407597 -1.077318472 -22.003885468 0.214886572 -0.468683328 -0.155461435 0.842609899
7.745000124 -6.137466792 -1.032146997 -22.191832257 0.201321406 -0.649267653 -0.164933500 0.714645469
7.845000029 -6.202625880 -1.044983840 -23.276315330 0.148481809 -0.879649938 -0.163167037 0.421361671
7.845000029 -6.074505005 -0.983334083 -22.222895756 0.143127798 -0.920236908 -0.158402525 0.328004736
7.895000219 -6.121759081 -0.972176373 -22.196692352 0.103569042 -0.978646019 -0.142127736 0.106419597
7.945000172 -6.270728311 -0.952660414 -22.096295139 0.051998003 -0.980795911 -0.119129433 -0.145408962
7.995000124 -6.480122682 -0.911567026 -22.036402100 -0.002346272 -0.920669496 -0.089224338 -0.380001568
8.045000076 -6.720465248 -0.840621145 -22.047276421 -0.053805397 -0.807882552 -0.055951041 -0.584209075
8.095000029 -6.958064300 -0.738049233 -22.137676658 -0.099452712 -0.653839543 -0.021892804 -0.749749102
8.145000219 -7.163418250 -0.607302828 -22.296843747 -0.137647386 -0.468698917 0.010898106 -0.872499716
8.195000172 -7.314978399 -0.454626623 -22.498519390 -0.166738724 -0.260427358 0.040315618 -0.950131801
8.245000124 -7.400818802 -0.287899405 -22.706516816 -0.186308061 -0.034628896 0.064899113 -0.979733765
8.295000076 -7.419856389 -0.115255395 -22.879175898 -0.195266135 0.200624209 0.083830900 -0.956343790
8.345000029 -7.383785928 0.055506843 -22.976999038 -0.192486572 0.433176252 0.095456517 -0.875325829
8.395000219 -7.318534635 0.218352306 -22.972210840 -0.176781811 0.646801320 0.098748205 -0.735285684
8.445000172 -7.260430203 0.370446904 -22.859909196 -0.148850930 0.821820534 0.095051358 -0.541682240
8.495000124 -7.246407416 0.513294430 -22.664730004 -0.109647897 0.940988931 0.084087421 -0.308944132
8.545000076 -7.331558243 0.666154030 -22.357243736 -0.061480597 0.995381236 0.065995966 -0.032876494
8.595000029 -7.490874595 0.821816119 -22.077764317 -0.008360710 0.970579989 0.045371258 0.236317652
8.645000219 -7.699351712 0.987006921 -21.877437389 0.044775063 0.877123965 0.024597127 0.477539239
8.695000172 -7.918092815 1.165488327 -21.779301722 0.096702345 0.729516196 0.005418151 0.677071208
8.745000124 -8.108324231 1.358264910 -21.776752225 0.145270337 0.542002089 -0.011338617 0.827648295
8.795000076 -8.239146400 1.563892782 -21.839155187 0.189026711 0.325780746 -0.025674453 0.926000340
8.845000029 -8.293702278 1.783396345 -21.922079502 0.226222269 0.091244399 -0.038897493 0.969012347
8.895000219 -8.267286834 2.004252620 -21.977694526 0.256182877 -0.152896900 -0.048866089 0.953207730
8.945000172 -8.172415345 2.213899302 -21.960559777 0.276237514 -0.391774369 -0.057142983 0.875751311
8.995000124 -8.038955384 2.405302497 -21.840344743 0.283403946 -0.610286698 -0.062525419 0.737104417
9.045000076 -7.908220352 2.569716381 -21.613603389 0.277315596 -0.788696701 -0.064515700 0.544877324
9.095000029 -7.821544478 2.704609640 -21.308446182 0.258497609 -0.911157347 -0.063553471 0.314534945
9.145000219 -7.823594025 2.811424706 -20.907144446 0.225389244 -0.971125168 -0.064130010 0.044754200
9.195000172 -7.906047922 2.899157666 -20.544218515 0.181622134 -0.956620249 -0.060241683 -0.219686229
9.245000124 -8.045885104 2.981558566 -20.271391223 0.135699907 -0.876423621 -0.054031355 -0.458854862
9.295000076 -8.204338251 3.069112420 -20.112282256 0.091005312 -0.743248754 -0.047496147 -0.661092609
9.345000029 -8.341258348 3.165900242 -20.062752760 0.050552709 -0.571059865 -0.041412944 -0.818303136
9.395000219 -8.422616810 3.272650434 -20.096236786 0.014470525 -0.369358018 -0.038566921 -0.928373767
9.445000172 -8.426548207 3.387938736 -20.171661061 -0.016034950 -0.147168997 -0.040221671 -0.988163136
9.495000124 -8.344720630 3.509288480 -20.241130395 -0.041865200 0.087116881 -0.047373206 -0.994189989
9.545000076 -8.184736511 3.634543724 -20.257401190 -0.061926093 0.322785180 -0.059299963 -0.942580713
9.595000029 -7.971530196 3.761333508 -20.183409488 -0.075792459 0.543070520 -0.073592216 -0.833015065
9.645000219 -7.744961702 3.885485614 -20.003968397 -0.083140926 0.732575901 -0.089881202 -0.669583084
9.695000172 -7.552400791 3.996099678 -19.730039163 -0.082343918 0.876728384 -0.107285117 -0.461580679
9.745000124 -7.447052684 4.101243843 -19.336177270 -0.076796292 0.966851011 -0.122964465 -0.210193227
9.795000076 -7.433080486 4.188671827 -18.949380209 -0.061653388 0.987874673 -0.133454448 0.049923954
9.845000029 -7.499165984 4.255182943 -18.629226793 -0.037945102 0.943553528 -0.138636468 0.298407168
9.895000219 -7.613968003 4.303417070 -18.414337070 -0.007143450 0.843225291 -0.138503432 0.519361992
9.945000172 -7.736730328 4.338126482 -18.315875565 0.027303254 0.697459603 -0.133872609 0.703479040
9.995000124 -7.828144448 4.363666386 -18.319647628 0.062761963 0.516012134 -0.126830464 0.844811486
10.045000076 -7.856894405 4.381571027 -18.391707761 0.098540688 0.306385079 -0.117315222 0.939497235
10.145000219 -7.868747505 4.583448850 -19.431882851 0.137597958 -0.099877340 -0.110343291 0.979242400
10.195000172 -7.662630494 4.533423078 -19.350410689 0.162727327 -0.350446122 -0.091865612 0.917751623
10.245000124 -7.400626050 4.452057799 -19.153920590 0.181935180 -0.582401185 -0.072453543 0.788960667
10.255000114 -7.190802334 4.234717917 -18.265099794 0.196199430 -0.676836282 -0.050485951 0.707707284
10.345000029 -6.893512321 4.198130767 -18.432188674 0.199242184 -0.910971830 -0.035936105 0.359362593
10.395000219 -6.752038411 4.008518185 -17.906686922 0.195505905 -0.977004462 -0.014163923 0.083899377
10.445000172 -6.702337287 3.807685370 -17.413813968 0.186943812 -0.963846012 0.005982304 -0.189781686
10.495000124 -6.721370565 3.605287957 -17.009819968 0.174868993 -0.880249271 0.022047634 -0.440563228
10.545000076 -6.763103218 3.404445225 -16.725485489 0.161283645 -0.740001849 0.031075667 -0.652241636
10.555000067 -6.655229752 3.193257032 -15.931787160 0.165078576 -0.660545282 0.040546091 -0.731289962
10.595000029 -6.623575828 3.003874302 -15.695472133 0.157510078 -0.495708600 0.038731850 -0.853207714
10.665000200 -6.580257644 2.810059106 -16.017730056 0.133203579 -0.215055932 0.017938677 -0.967308615
10.745000124 -6.365403427 2.603394561 -16.476315116 0.101804469 0.130059358 -0.016860666 -0.986121763
10.755000114 -6.158364340 2.424102601 -15.695397121 0.115791881 0.235495043 -0.020049157 -0.964744710
10.795000076 -5.863587288 2.240485854 -15.416816581 0.109626957 0.430931410 -0.046072717 -0.894515151
10.845000029 -5.510351054 2.060257247 -15.203925949 0.096929420 0.634691431 -0.084565509 -0.761984350
10.945000172 -5.053267914 1.871943866 -15.339096163 0.051258598 0.893147205 -0.160424696 -0.417042615
10.995000124 -4.883865830 1.685976977 -14.734978688 0.048414734 0.966089071 -0.192647045 -0.164969804
10.995000124 -4.810072333 1.507516886 -13.694552569 0.074058169 0.976606758 -0.183946500 -0.083176394
11.045000076 -4.741061449 1.343203588 -13.239995296 0.079164465 0.959211068 -0.219959056 0.158950081
11.095000029 -4.744710988 1.181835393 -12.870241783 0.087971909 0.884548148 -0.253260407 0.381699730
11.195000172 -4.895396170 0.982714379 -13.252440933 0.072090172 0.642322891 -0.315619876 0.694700226
11.195000172 -4.818378274 0.848921586 -12.419535641 0.106464201 0.600582305 -0.311234496 0.728765640
11.290000200 -4.839202400 0.586623073 -13.050461053 0.088660032 0.264186195 -0.358579038 0.890935535
11.305000067 -4.732410756 0.446463476 -12.497211842 0.113887066 0.165031034 -0.363379236 0.909807686
11.345000029 -4.579323820 0.243360437 -12.384233632 0.119925913 -0.019400796 -0.376507484 0.918413577
11.395000219 -4.352386638 -0.020943698 -12.419262070 0.113307509 -0.238072140 -0.385987248 0.884023138
11.445000172 -4.077787626 -0.325898500 -12.402659255 0.099660117 -0.446724143 -0.384392656 0.801715465
11.495000124 -3.788140309 -0.665431845 -12.315373926 0.078395843 -0.632323931 -0.371825784 0.675104528
11.545000076 -3.524760486 -1.047448486 -12.102604506 0.048390304 -0.789523565 -0.347687206 0.503412879
11.595000029 -3.322203344 -1.429012549 -11.838301435 0.011735260 -0.900021860 -0.312125004 0.303975191
11.645000219 -3.202844718 -1.786120363 -11.562324503 -0.031411731 -0.959075039 -0.266822861 0.089408799
11.695000172 -3.170166694 -2.098410870 -11.319735686 -0.076340572 -0.964878235 -0.217035122 -0.126798517
11.745000124 -3.208538489 -2.352865896 -11.150267916 -0.123286340 -0.920470507 -0.164293784 -0.332478686
11.795000076 -3.288904140 -2.544135261 -11.080072665 -0.166894233 -0.830282979 -0.110448620 -0.520170734
11.845000029 -3.374549258 -2.674470168 -11.117030208 -0.203650574 -0.699646991 -0.056475443 -0.682518173
11.895000219 -3.428893292 -2.753288827 -11.251332264 -0.234069387 -0.533437217 -0.002639511 -0.812803353
11.945000172 -3.420170007 -2.794972406 -11.457075914 -0.257042948 -0.338759274 0.048929870 -0.903757127
11.995000124 -3.326383893 -2.817474579 -11.698370799 -0.270532834 -0.125119829 0.097482431 -0.949554732
12.045000076 -3.140918136 -2.840160611 -11.933646730 -0.273133827 0.099248994 0.140210603 -0.946513886
12.095000029 -2.872904644 -2.881668538 -12.122051829 -0.262238080 0.321010133 0.175055341 -0.893050565
12.145000219 -2.549810109 -2.955803986 -12.232020860 -0.238221651 0.527946691 0.199619697 -0.790363658
12.195000172 -2.212331281 -3.071665838 -12.199970086 -0.199695280 0.711685625 0.216202198 -0.637873009
12.245000124 -1.907439203 -3.216183050 -12.080916982 -0.148629937 0.854116598 0.214717034 -0.449767244
12.295000076 -1.673557317 -3.370684764 -11.903957931 -0.088206607 0.947268618 0.194122159 -0.239203568
12.395000219 -1.491656223 -3.764632970 -12.272245499 0.020832353 0.980717401 0.116731980 0.155348116
12.395000219 -1.470126352 -3.600561027 -11.496464932 0.041610131 0.973618583 0.100461832 0.200606259
12.445000172 -1.477513885 -3.656335843 -11.399057040 0.101215015 0.908627749 0.036721678 0.403488107
12.495000124 -1.516946808 -3.659076787 -11.386849685 0.151268767 0.798974021 -0.034505200 0.581005736
12.545000076 -1.549670040 -3.615486326 -11.464578190 0.192010764 0.650502763 -0.109521971 0.726624360
12.595000029 -1.540470568 -3.540878153 -11.620709318 0.218147710 0.471140039 -0.185846593 0.834206020
12.645000219 -1.463972977 -3.454422928 -11.830830440 0.229916758 0.269353871 -0.259011093 0.898610055
12.695000172 -1.309189977 -3.376751095 -12.060725668 0.226482583 0.053118114 -0.323890144 0.917049225
12.745000124 -1.080272457 -3.327344188 -12.275845561 0.207722342 -0.164987018 -0.376316212 0.887703115
12.795000076 -0.798562470 -3.316369581 -12.441634277 0.172574582 -0.374331049 -0.412391142 0.812420966
12.845000029 -0.496713863 -3.344519183 -12.536007284 0.121611882 -0.564445080 -0.427152661 0.695810970
12.895000219 -0.211321935 -3.406363846 -12.501193108 0.057605164 -0.728457686 -0.423884101 0.535119906
12.945000172 0.017859300 -3.477930143 -12.399482272 -0.020467065 -0.849174388 -0.397695667 0.346874784
12.995000124 0.167436439 -3.533095449 -12.257146665 -0.106273510 -0.919459579 -0.350318415 0.143446967
13.045000076 0.233564135 -3.546315774 -12.108605244 -0.193489393 -0.936957004 -0.284259066 -0.062211012
13.095000029 0.233231191 -3.498791620 -11.987551231 -0.279067464 -0.903406488 -0.200910289 -0.256150589
13.145000219 0.198472178 -3.382303916 -11.919042875 -0.358339440 -0.822790727 -0.103391079 -0.428857261
13.195000172 0.168336432 -3.201238177 -11.915243599 -0.426242254 -0.702129836 0.004268252 -0.570362180
13.245000124 0.179790580 -2.970908558 -11.974899787 -0.479046120 -0.548507722 0.117554927 -0.675155488
13.295000076 0.260426246 -2.717209075 -12.085116108 -0.513866085 -0.371690813 0.230969208 -0.737862325
13.345000029 0.423058037 -2.469473976 -12.225449207 -0.527487984 -0.179773325 0.338721420 -0.758093515
13.395000219 0.663742850 -2.255952272 -12.372937818 -0.517240084 0.015568382 0.435670129 -0.736486157
13.445000172 0.962450028 -2.098244925 -12.505427052 -0.483245875 0.204770860 0.517804020 -0.675589606
13.545000076 1.572927412 -2.099664628 -13.347486373 -0.336303727 0.521261165 0.619282158 -0.481327549
13.595000029 1.849686981 -2.113279648 -13.240249144 -0.239544545 0.656890501 0.643598009 -0.311279431
13.595000029 1.849616485 -1.993802203 -12.384028349 -0.249151430 0.675054871 0.647267952 -0.251532670
13.645000219 2.035509825 -2.045740328 -12.329544698 -0.129849281 0.751616458 0.643357297 -0.065599177
13.695000172 2.132184432 -2.081301078 -12.266148996 -0.000577512 0.780210942 0.613127025 0.123878180
13.745000124 2.149349719 -2.066785306 -12.214807198 0.131846251 0.759850199 0.559198713 0.304205589
13.845000029 2.110687853 -1.963112823 -12.921281706 0.385460864 0.615572945 0.404113684 0.556041367
13.895000219 2.079370238 -1.700092731 -12.889924755 0.497622618 0.480103899 0.301555843 0.656457195
13.940000057 2.096530692 -1.397652741 -12.808716587 0.585721929 0.333205017 0.202956767 0.710431410
13.945000172 2.087019930 -1.235080791 -12.153794713 0.600116268 0.282858685 0.185383933 0.724902909
13.995000124 2.194075984 -0.908404123 -12.215037062 0.674904159 0.109565320 0.075209957 0.725839706
14.045000076 2.378151180 -0.593893417 -12.248217566 0.728161029 -0.066640940 -0.033410562 0.681340029
14.095000029 2.622955889 -0.324227091 -12.237222332 0.756241764 -0.235707105 -0.139405696 0.594227740
14.145000219 2.900312091 -0.125809977 -12.177565635 0.757105572 -0.388467396 -0.237792592 0.468336330
14.195000172 3.175097001 -0.014993235 -12.038781738 0.726975246 -0.520634483 -0.324806576 0.308135383
14.245000124 3.408603265 0.015348344 -11.877749567 0.666196552 -0.617753056 -0.398214096 0.126447021
14.295000076 3.572091597 -0.015522786 -11.720755135 0.577233902 -0.674381658 -0.455929645 -0.064331650
14.345000029 3.650993340 -0.076390055 -11.594188289 0.464118762 -0.688128088 -0.496728323 -0.253642431
14.395000219 3.646542067 -0.131374908 -11.519429920 0.333829294 -0.658066228 -0.519886482 -0.430377610
14.445000172 3.575614376 -0.145798436 -11.506709889 0.193865223 -0.586435328 -0.525488374 -0.585125500
14.545000076 3.475256972 -0.022606327 -12.340223068 -0.092019076 -0.370543672 -0.508205791 -0.771982351
14.545000076 3.344477352 0.055554534 -11.587775040 -0.089088265 -0.339230309 -0.486234605 -0.800351165
14.595000029 3.248503334 0.269612956 -11.710243122 -0.219461551 -0.179346114 -0.449941222 -0.846891077
14.695000172 3.264328293 0.820347851 -12.582499489 -0.445826016 0.135695599 -0.361900273 -0.807374795
14.695000172 3.186476195 0.878521079 -11.852679351 -0.441099193 0.170773313 -0.350770550 -0.808225215
14.745000124 3.214303271 1.220580136 -11.888389419 -0.524450939 0.339305589 -0.292756376 -0.723959001
14.795000076 3.261396564 1.547591104 -11.860600568 -0.587441673 0.490775213 -0.231645715 -0.600326773
14.845000029 3.297375757 1.839950308 -11.741320179 -0.626279085 0.622174536 -0.163472596 -0.440397621
14.895000219 3.304131443 2.071969770 -11.583669611 -0.640683889 0.718677742 -0.093455579 -0.253559681
14.945000172 3.263254388 2.236354580 -11.419293443 -0.629679323 0.774890110 -0.023314036 -0.050057209
14.995000124 3.167706379 2.337345718 -11.282063831 -0.592527569 0.788559561 0.045288386 0.158220925
15.045000076 3.022645505 2.390100382 -11.203527180 -0.532004641 0.759167835 0.110206193 0.358454816
15.095000029 2.843749774 2.417340777 -11.204421337 -0.447503989 0.691394121 0.170674261 0.540910940
15.145000219 2.652160015 2.444260349 -11.292733385 -0.341867180 0.590424636 0.225122172 0.695590101
15.195000172 2.469046869 2.494298026 -11.462734062 -0.219410082 0.462715685 0.271489376 0.814890747
15.245000124 2.312574375 2.587407326 -11.694223968 -0.085389737 0.315876797 0.307478986 0.893525106
15.295000076 2.194163070 2.734977291 -11.954975965 0.057162076 0.156265693 0.332213732 0.928411313
15.345000029 2.116267280 2.938028789 -12.207721370 0.202426236 -0.005217442 0.343260907 0.917152303
15.395000219 2.072538922 3.185142128 -12.415013186 0.344466364 -0.162905627 0.336926287 0.860979302
15.445000172 2.048731202 3.453318502 -12.548649800 0.477024798 -0.305810706 0.311523295 0.762810849
15.495000124 2.026974384 3.711277751 -12.594409217 0.594361472 -0.427547005 0.263138030 0.628248658
15.545000076 1.982423044 3.933313041 -12.543432060 0.686135742 -0.528119983 0.192644862 0.461730425
15.595000029 1.915177871 4.088484045 -12.428866295 0.748340107 -0.594960440 0.103107712 0.274550467
15.645000219 1.821293113 4.160640495 -12.282580478 0.775932067 -0.625822949 -0.002651057 0.079170922
15.695000172 1.704647710 4.149312292 -12.142324350 0.765382151 -0.622172069 -0.120157435 -0.112491206
15.745000124 1.574228958 4.069219774 -12.041791306 0.715282200 -0.587089791 -0.244955315 -0.289298884
15.795000076 1.440716944 3.946811954 -12.004452863 0.627451025 -0.525373712 -0.369919035 -0.439826763
15.845000029 1.311884753 3.813662530 -12.038164765 0.506127473 -0.443151765 -0.487847605 -0.556287883
15.895000219 1.190131939 3.699368250 -12.135225427 0.355939338 -0.348977291 -0.590778802 -0.634430805
15.945000172 1.071324635 3.625913181 -12.273362519 0.182463430 -0.251813078 -0.672170629 -0.671925528
15.995000124 0.946279560 3.601279208 -12.419404613 -0.008003449 -0.159728550 -0.726215800 -0.668605524
16.045000076 0.804345484 3.618442063 -12.535455943 -0.205715070 -0.078659127 -0.746018204 -0.628451184
16.095000029 0.638799397 3.656532382 -12.586969559 -0.400958955 -0.015083640 -0.727508132 -0.556539593
16.145000219 0.451403988 3.685655646 -12.548369869 -0.584873896 0.028402524 -0.667226611 -0.460352552
16.245000124 -0.066234307 3.820957081 -12.976616686 -0.858046682 0.087862800 -0.426160746 -0.272805863
16.245000124 0.107105950 3.583991073 -12.091499545 -0.876645644 0.040263962 -0.419280774 -0.232540021
16.295000076 -0.049284291 3.441270306 -11.796821077 -0.960918476 0.022140200 -0.243249904 -0.130288059
16.345000029 -0.148209935 3.236371526 -11.469605907 -0.997977889 -0.007435413 -0.044487527 -0.044785129
16.395000219 -0.204768488 2.995690233 -11.180787952 -0.985378101 -0.032035031 0.165878027 0.022096037
16.445000172 -0.195972754 2.745225991 -10.939146505 -0.924353698 -0.053412637 0.371865025 0.066586289
16.495000124 -0.135310373 2.506807539 -10.768370175 -0.820289012 -0.068852459 0.560904070 0.088158384
16.545000076 -0.045733376 2.294130191 -10.678754788 -0.680201278 -0.070288026 0.724357959 0.087700411
16.645000219 -0.017240657 2.029736085 -11.376148789 -0.344812311 -0.001827228 0.936272391 0.067045809
16.645000219 0.151211543 1.981570993 -10.634232112 -0.328419821 -0.019456483 0.944008455 0.024696225
16.695000172 0.197934995 1.821697072 -10.714622010 -0.134199879 0.035874852 0.990136505 -0.018250737
16.745000124 0.217773159 1.650639461 -10.794176310 0.058372158 0.109327896 0.990200603 -0.064365111
16.795000076 0.221609794 1.453223330 -10.843268725 0.239056882 0.198445824 0.944612550 -0.105726977
16.845000029 0.227619152 1.222398299 -10.837936764 0.398666336 0.297929222 0.856709312 -0.135471345
16.895000219 0.255809571 0.963075345 -10.763947802 0.533344395 0.401257668 0.729957277 -0.147303815
16.995000124 0.213325552 0.420686720 -11.119135819 0.723911942 0.552854703 0.403062228 -0.088566465
16.995000124 0.469594891 0.463477680 -10.352314165 0.704761417 0.587608432 0.384783060 -0.099848241
17.045000076 0.622137652 0.242350180 -10.129109561 0.738522628 0.645865294 0.188921790 -0.041843847
17.095000029 0.812616748 0.078242754 -9.907512047 0.737431880 0.674438989 -0.009665329 0.035112017
17.145000219 1.028751519 -0.022824612 -9.718131566 0.705650485 0.668032592 -0.200748380 0.124458578
17.195000172 1.257879736 -0.067292498 -9.586308490 0.645278031 0.628067186 -0.374896275 0.220455565
17.245000124 1.489674274 -0.071661188 -9.528540177 0.563661798 0.557026058 -0.522935865 0.313919464
17.295000076 1.717490818 -0.058946051 -9.548905749 0.465434276 0.459058452 -0.641879113 0.400783579
17.345000029 1.939166606 -0.050342817 -9.640061220 0.358976074 0.336507430 -0.728148469 0.477177887
17.395000219 2.157437162 -0.064218229 -9.784876567 0.246266847 0.192965773 -0.781817081 0.539331904
17.445000172 2.349508501 -0.095489232 -9.975679286 0.135075276 0.028819504 -0.806120744 0.575407206
17.495000124 2.554684577 -0.167040651 -10.166555588 0.027631695 -0.143202489 -0.797792446 0.585027135
17.545000076 2.776236242 -0.275837085 -10.330271258 -0.072631177 -0.317023129 -0.757363921 0.566233996
17.595000029 3.012569034 -0.408675859 -10.443115304 -0.164196753 -0.484723494 -0.687376996 0.515359512
17.645000219 3.255989609 -0.545828206 -10.490099149 -0.244180618 -0.635618541 -0.592641826 0.430279632
17.695000172 3.493289106 -0.664613685 -10.467789602 -0.310496861 -0.758511342 -0.477279745 0.316948399
17.745000124 3.709248713 -0.741509586 -10.385920377 -0.363629629 -0.845541061 -0.346984552 0.180098661
17.795000076 3.891631972 -0.758180379 -10.266834858 -0.403670019 -0.890699581 -0.207330401 0.026811881
17.845000029 4.036025047 -0.704886371 -10.140951135 -0.430351190 -0.890082199 -0.065305289 -0.135228514
17.895000219 4.145989406 -0.582597808 -10.039581122 -0.443469649 -0.843664181 0.072735802 -0.293725932
17.945000172 4.233402410 -0.402436571 -9.987905596 -0.443114734 -0.754838722 0.201226212 -0.439745208
17.995000124 4.315225123 -0.183211214 -9.999656291 -0.430632405 -0.628724216 0.315803801 -0.565269450
18.045000076 4.407588925 0.053874361 -10.074702695 -0.407170577 -0.472204665 0.413365430 -0.663599199
18.095000029 4.524054896 0.288736225 -10.200177059 -0.375911032 -0.293166735 0.490996647 -0.729154616
18.145000219 4.671841733 0.503970349 -10.352809681 -0.337802932 -0.098412201 0.547939828 -0.758924346
18.195000172 4.851691008 0.687930336 -10.503532616 -0.295115238 0.102546365 0.583514732 -0.749601092
18.245000124 5.038286382 0.828759679 -10.609160967 -0.247814095 0.308830602 0.601681366 -0.693679585
18.295000076 5.234988747 0.928451689 -10.648289668 -0.195765564 0.500680280 0.597252777 -0.595217793
18.345000029 5.416420831 0.991054891 -10.604569269 -0.139192974 0.666004868 0.572544547 -0.457444612
18.395000219 5.554194086 1.028189375 -10.477466404 -0.077625437 0.794243683 0.529740014 -0.287274748
18.445000172 5.624636439 1.056024098 -10.283553047 -0.010392152 0.876567538 0.471795510 -0.094500538
18.495000124 5.614308955 1.092452161 -10.053188160 0.057751348 0.906978070 0.402755154 0.108829441
18.515000105 5.424727091 1.164362140 -9.589026362 0.077049262 0.900095162 0.372510142 0.212434237
18.595000029 5.394420994 1.246335022 -9.649982370 0.197924535 0.815714788 0.238710096 0.488316243
18.645000219 5.213211541 1.389420047 -9.497619965 0.266740181 0.701943692 0.150404876 0.643042068
18.695000172 5.028496633 1.570276162 -9.400444790 0.336890668 0.551643309 0.063808052 0.760343915
18.745000124 4.864805758 1.778481902 -9.347841428 0.402711618 0.375227860 -0.019541874 0.834652935
18.795000076 4.737773117 1.997950612 -9.317119795 0.462525198 0.182555082 -0.096245302 0.862253400
18.845000029 4.651175617 2.209659095 -9.278600663 0.515018755 -0.016290631 -0.165246938 0.840942178
18.895000219 4.596074348 2.395110124 -9.202861984 0.556693998 -0.210346390 -0.226630570 0.771028387
18.945000172 4.549999263 2.530612793 -9.048414025 0.585202347 -0.394511612 -0.282535722 0.649670968
18.995000124 4.497348126 2.604677835 -8.826985674 0.593749057 -0.550538277 -0.329088417 0.485870843
19.045000076 4.411302237 2.612022214 -8.550416010 0.579488827 -0.668749323 -0.365236312 0.289083862
19.095000029 4.271245548 2.557384146 -8.247214459 0.541311645 -0.740844956 -0.390799396 0.073527445
19.145000219 4.068976453 2.456845657 -7.955134679 0.476312592 -0.767320739 -0.404045342 -0.145232778
19.195000172 3.809023200 2.335277717 -7.710137677 0.387668490 -0.746896061 -0.406347855 -0.356006793
19.295000076 3.424381353 2.221708203 -7.914183324 0.149804180 -0.614175135 -0.374734314 -0.678175350
19.345000029 3.067371711 2.178362488 -7.839790113 0.021554470 -0.494049606 -0.340144179 -0.799845191
19.395000219 2.741189486 2.190217611 -7.832529138 -0.109729496 -0.356450309 -0.297421149 -0.878887521
19.440000057 2.469328191 2.237392065 -7.814876331 -0.228616693 -0.216675169 -0.254332078 -0.914385845
19.470000029 2.269815245 2.260139584 -7.667398854 -0.305140225 -0.116561999 -0.226316340 -0.917651163
19.495000124 2.111430463 2.274810629 -7.491178779 -0.367178243 -0.030814637 -0.202374781 -0.907345052
19.545000076 1.949323485 2.416855085 -7.553515452 -0.485124308 0.125189501 -0.142979981 -0.853544796
19.595000029 1.822940389 2.563002962 -7.570981436 -0.586728411 0.275122428 -0.078296850 -0.757579716
19.645000219 1.718508802 2.688018656 -7.533391300 -0.666181927 0.411653618 -0.009401392 -0.621815530
19.695000172 1.616705024 2.769479392 -7.424349089 -0.718528348 0.530307173 0.063405810 -0.445500863
19.745000124 1.505325682 2.786059444 -7.282074688 -0.735854782 0.616462357 0.134276349 -0.245889740
19.795000076 1.369331114 2.733251251 -7.138027218 -0.717455531 0.665893754 0.201627031 -0.034490734
19.845000029 1.200761345 2.622471510 -7.026986218 -0.663662178 0.678387263 0.261731910 0.175612192
19.895000219 0.999800576 2.477400946 -6.977066476 -0.577783918 0.654160647 0.313444757 0.374155016
19.945000172 0.773843066 2.326859747 -7.003944638 -0.465381365 0.596611686 0.352501769 0.550651600
19.995000124 0.533989451 2.199665963 -7.108993458 -0.331676728 0.512928516 0.377365721 0.696053157
20.045000076 0.292419591 2.118155127 -7.279577624 -0.185196836 0.407387419 0.385965989 0.806701852
20.095000029 0.061007081 2.096373690 -7.495052837 -0.030794972 0.286478326 0.379637243 0.879123087
20.145000219 -0.151520818 2.137939641 -7.728898630 0.126353447 0.156946388 0.359523451 0.911123222
20.195000172 -0.339838152 2.237183887 -7.952952338 0.279586637 0.021441580 0.323814044 0.903612769
20.245000124 -0.502021982 2.378995797 -8.141694318 0.424223614 -0.117146818 0.272253063 0.855680559
20.295000076 -0.639322951 2.540848960 -8.275295352 0.552824549 -0.250365281 0.206356520 0.767541029
20.345000029 -0.757272681 2.694872967 -8.343684725 0.658198455 -0.371552008 0.126572142 0.642419950
20.395000219 -0.864338275 2.812599028 -8.350260982 0.733400268 -0.474526017 0.035013076 0.485513327
20.445000172 -0.969864337 2.866631849 -8.293155149 0.773933269 -0.555808294 -0.067537807 0.295876799
20.495000124 -1.083455813 2.845241332 -8.219545956 0.771235299 -0.606348154 -0.170850794 0.091367591
20.545000076 -1.215005744 2.753987182 -8.164362753 0.725357715 -0.623930197 -0.267170222 -0.114836260
20.595000029 -1.370387924 2.614775257 -8.157192695 0.638060533 -0.611016999 -0.350696439 -0.310723333
20.645000219 -1.550496927 2.458704511 -8.214567480 0.516011544 -0.569182592 -0.416208387 -0.486347450
20.695000172 -1.752216826 2.318488681 -8.336420034 0.366992654 -0.503721349 -0.459546194 -0.632770488
20.745000124 -1.968966073 2.220642396 -8.506410676 0.198385806 -0.419850732 -0.478949367 -0.744967073
20.795000076 -2.191789135 2.181534052 -8.698894912 0.017928264 -0.321711979 -0.473381029 -0.819811187
20.845000029 -2.410510526 2.204973458 -8.885216021 -0.165762206 -0.215422441 -0.442738911 -0.854457910
20.895000219 -2.614663759 2.283468447 -9.035580107 -0.344506274 -0.104622973 -0.386865506 -0.848943191
20.945000172 -2.793867100 2.398485136 -9.124839217 -0.510141111 0.007265566 -0.306241417 -0.803691143
20.995000124 -2.939284479 2.523134398 -9.137058808 -0.653669706 0.116578453 -0.202599856 -0.719776826
21.045000076 -3.045442808 2.625568766 -9.068998358 -0.764816719 0.218037825 -0.078999005 -0.601060771
21.095000029 -3.112757587 2.675350594 -8.932842556 -0.834771359 0.307106916 0.058653774 -0.453212814
21.145000219 -3.147521135 2.650697820 -8.754838570 -0.857369201 0.378611710 0.200406864 -0.285321425
21.195000172 -3.156983184 2.527868999 -8.552960040 -0.827091811 0.432964562 0.345025816 -0.097046438
21.245000124 -3.167170452 2.330576695 -8.379774686 -0.743938395 0.463718180 0.472646205 0.090148091
21.295000076 -3.198149481 2.086931467 -8.257923686 -0.612775443 0.472013851 0.575739655 0.265015151
21.345000029 -3.263761207 1.831626590 -8.192877841 -0.443795234 0.458381347 0.646977449 0.417555400
21.395000219 -3.368851405 1.597081777 -8.172580391 -0.250476498 0.425866324 0.680801018 0.540748899
21.445000172 -3.508708122 1.405749984 -8.171821208 -0.042359014 0.379250041 0.676731591 0.629610573
21.545000076 -4.238526713 1.255781112 -8.571751964 0.355293809 0.257982019 0.552587967 0.708419457
21.545000076 -3.772824329 1.177399300 -8.063037411 0.374653664 0.261228805 0.556772516 0.693828876
21.595000029 -3.929233669 1.123080354 -7.950592772 0.559137649 0.194864827 0.443059010 0.673120720
21.645000219 -4.045656967 1.083433515 -7.765502989 0.714410889 0.126330354 0.299212320 0.619781986
21.695000172 -4.102622518 1.035668161 -7.514184423 0.830966612 0.058669651 0.133461205 0.536880311
21.745000124 -4.089386016 0.954135958 -7.217486277 0.901531903 -0.008424601 -0.045867679 0.430192295
21.795000076 -4.008091269 0.820356767 -6.907640241 0.920752343 -0.073426355 -0.229607541 0.306763868
21.845000029 -3.873782962 0.625754092 -6.618990887 0.888417783 -0.134951708 -0.402626247 0.174338704
21.895000219 -3.701448951 0.353233756 -6.373679678 0.801784388 -0.194419398 -0.564058684 0.034361219
21.945000172 -3.535197498 0.035710382 -6.200456730 0.669342590 -0.244602995 -0.694526753 -0.098906333
21.995000124 -3.403279367 -0.304797402 -6.099496709 0.500607267 -0.284742737 -0.787738036 -0.218592600
22.045000076 -3.324569025 -0.644578843 -6.056639697 0.307569365 -0.313829229 -0.839027095 -0.320851733
22.095000029 -3.303946561 -0.964101154 -6.046423594 0.098345727 -0.332559740 -0.847030423 -0.402829492
22.145000219 -3.335068196 -1.250458365 -6.040678625 -0.113181186 -0.341654902 -0.810966821 -0.461296827
22.195000172 -3.401421046 -1.496463405 -6.013012697 -0.318173989 -0.341468201 -0.732366512 -0.495786316
22.245000124 -3.477890075 -1.703537880 -5.943299202 -0.506432675 -0.331776032 -0.614264888 -0.506092144
22.295000076 -3.536084525 -1.878454635 -5.822139446 -0.667162986 -0.311977956 -0.461026271 -0.494993014
22.345000029 -3.549013818 -2.030665920 -5.653649283 -0.793307277 -0.279797371 -0.280484070 -0.462283119
22.395000219 -3.496188762 -2.172194434 -5.453895158 -0.876460531 -0.236555620 -0.082636644 -0.411132048
22.445000172 -3.368531473 -2.316809482 -5.248488274 -0.912584476 -0.181697713 0.122463325 -0.345222028
22.495000124 -3.171002220 -2.477382786 -5.066400214 -0.900104216 -0.117542521 0.323401973 -0.267221481
22.545000076 -2.922979612 -2.664375313 -4.931650330 -0.841274997 -0.044466162 0.507225637 -0.181662581
22.595000029 -2.652230953 -2.883341109 -4.859458639 -0.741975053 0.032340947 0.663074703 -0.093589649
22.645000219 -2.383421024 -3.147087045 -4.851991053 -0.600092562 0.114429358 0.791700531 -0.002260004
22.695000172 -2.153756045 -3.433909016 -4.901683442 -0.431677532 0.194625008 0.876812556 0.083518593
22.745000124 -1.980007983 -3.731687494 -4.986015519 -0.245492685 0.268097312 0.917509364 0.161349745
22.795000076 -1.867443990 -4.026300284 -5.079812368 -0.047976788 0.332833230 0.913635150 0.228453673
22.845000029 -1.809796769 -4.302990153 -5.157994100 0.152357331 0.384731905 0.864663848 0.284824570
22.895000219 -1.791260706 -4.548061546 -5.199310824 0.345652110 0.421800467 0.769771743 0.331753596
22.945000172 -1.788097896 -4.749295827 -5.189480146 0.520173844 0.442100460 0.631970860 0.366850362
22.995000124 -1.771102734 -4.898912796 -5.124929708 0.667512253 0.442529839 0.456417828 0.387656420
23.045000076 -1.710944298 -4.995158842 -5.015118947 0.778445695 0.419852061 0.249733497 0.394182354
23.095000029 -1.584468297 -5.045143832 -4.881443896 0.843295090 0.374697699 0.025689023 0.384441282
23.145000219 -1.381642174 -5.065864591 -4.754272952 0.859660804 0.307288697 -0.198734299 0.356457063
23.195000172 -1.110309154 -5.080958270 -4.662651407 0.829240050 0.220363223 -0.407951146 0.312052643
23.245000124 -0.793779290 -5.113224244 -4.625011515 0.755307609 0.118707477 -0.591313922 0.256450378
23.295000076 -0.462623485 -5.179214958 -4.646805284 0.645643013 0.010854276 -0.739206126 0.191315415
23.345000029 -0.145845985 -5.285417017 -4.719608651 0.508929560 -0.096945853 -0.846948806 0.119456790
23.395000219 0.136112252 -5.438019848 -4.827989221 0.348040447 -0.206276484 -0.913611032 0.040407193
23.445000172 0.359424625 -5.617048191 -4.945836634 0.173633389 -0.309299053 -0.934156446 -0.039208109
23.495000124 0.519653728 -5.804848550 -5.047780410 -0.007293938 -0.401462077 -0.908359001 -0.116871405
23.545000076 0.623823164 -5.979867409 -5.111484441 -0.185189349 -0.477576626 -0.836666222 -0.193946138
23.595000029 0.686887802 -6.118660329 -5.120482692 -0.352169627 -0.533712950 -0.721111478 -0.266693227
23.645000219 0.733445447 -6.200204828 -5.069179221 -0.501176089 -0.566224641 -0.564304939 -0.331318759
23.695000172 0.792471678 -6.210459161 -4.964256508 -0.623036390 -0.570224572 -0.373449367 -0.383673252
23.795000076 0.953242192 -6.521096966 -4.923535585 -0.767808612 -0.471181230 0.049548503 -0.431280801
23.845000029 1.186446096 -6.309491129 -4.779457498 -0.774924423 -0.375807480 0.276908062 -0.426125336
23.845000029 1.270182791 -5.776239369 -4.537265330 -0.765443276 -0.371588122 0.300649678 -0.430846411
23.895000219 1.557984127 -5.637815757 -4.468528248 -0.723326207 -0.245325260 0.503397621 -0.403987066
23.945000172 1.879342706 -5.531305107 -4.453332955 -0.640678357 -0.103543174 0.672389801 -0.355952257
23.995000124 2.205400735 -5.475095475 -4.484487475 -0.528231179 0.045568160 0.796865960 -0.289654978
24.045000076 2.509392840 -5.474281666 -4.543353412 -0.393900520 0.193104189 0.874030642 -0.208862606
24.095000029 2.772281122 -5.520080297 -4.606632216 -0.244534046 0.332048359 0.903462964 -0.117054094
24.145000219 2.983365195 -5.599714714 -4.652351671 -0.081842200 0.461035400 0.883520450 -0.011824922
24.195000172 3.131813005 -5.679146981 -4.656736004 0.083019081 0.567997419 0.813076978 0.096915390
24.245000124 3.226183125 -5.725150496 -4.606768221 0.239695382 0.646358671 0.694645283 0.205510398
24.295000076 3.287843858 -5.707431542 -4.501687981 0.383026621 0.688844188 0.533339667 0.307136927
24.345000029 3.345806873 -5.606274334 -4.355394877 0.503674460 0.689168565 0.336998937 0.397228454
24.395000219 3.430907517 -5.419864063 -4.194133389 0.591480592 0.645005663 0.119659442 0.468828351
24.445000172 3.567318212 -5.167450825 -4.048676095 0.641083125 0.559093262 -0.101683659 0.515836781
24.495000124 3.766107634 -4.885022081 -3.945474468 0.650984621 0.438438244 -0.311737154 0.535547267
24.545000076 4.022438558 -4.612377511 -3.898452375 0.625108798 0.295789639 -0.495027592 0.526018215
24.595000029 4.318844377 -4.383901258 -3.905969048 0.569338770 0.139095587 -0.644719491 0.490757129
24.645000219 4.631700550 -4.220506334 -3.954378613 0.489147401 -0.023488513 -0.756783640 0.432968396
24.695000172 4.937205393 -4.127673252 -4.023790099 0.392932158 -0.185199419 -0.826861870 0.357218340
24.745000124 5.215938061 -4.097318571 -4.092264410 0.283750121 -0.338893268 -0.857235880 0.264166364
24.795000076 5.452832923 -4.111143189 -4.139228857 0.162793866 -0.479813264 -0.847947861 0.155762042
24.845000029 5.637748744 -4.143807161 -4.148608269 0.036565640 -0.599989215 -0.798457761 0.033780157
24.895000219 5.765734749 -4.166103314 -4.107392429 -0.097814534 -0.698100089 -0.701370960 -0.105675726
24.945000172 5.838494761 -4.137038424 -4.018163531 -0.224376759 -0.757484307 -0.560807575 -0.247724562
24.995000124 5.876353436 -4.028880320 -3.896972807 -0.335188401 -0.771927532 -0.383807996 -0.380089521
25.045000076 5.909205896 -3.828945474 -3.769629205 -0.423407742 -0.736861516 -0.184694849 -0.493607944
25.095000029 5.968244162 -3.551820472 -3.666093081 -0.484360455 -0.652473916 0.022122366 -0.582394487
25.145000219 6.075666439 -3.229792182 -3.610113237 -0.514196264 -0.526159635 0.220062774 -0.640570540
25.195000172 6.241574911 -2.903952978 -3.610190199 -0.513780371 -0.369054775 0.396432680 -0.665334076
25.245000124 6.461883511 -2.611968933 -3.660062750 -0.486082187 -0.194035755 0.543246403 -0.656473594
25.295000076 6.721724780 -2.379487629 -3.743045378 -0.435231294 -0.011900550 0.656379812 -0.616114957
25.345000029 7.000937361 -2.216670935 -3.837400778 -0.366603402 0.168429567 0.732872915 -0.547841873
25.395000219 7.277920531 -2.120189896 -3.921161769 -0.284221591 0.341024406 0.771772936 -0.455287796
25.445000172 7.531897947 -2.076203776 -3.976065842 -0.190679970 0.499373056 0.772592237 -0.342591499
25.495000124 7.745112348 -2.061636005 -3.989385673 -0.089389434 0.636745513 0.735232658 -0.214470555
25.545000076 7.905908223 -2.047067616 -3.955940841 0.017806680 0.747243119 0.660063664 -0.075010689
25.595000029 8.012879123 -2.000802171 -3.881199656 0.132510033 0.823664984 0.546925184 0.069928025
25.645000219 8.064314417 -1.875608350 -3.769723560 0.247795620 0.858421562 0.390951570 0.221057962
25.695000172 8.086682498 -1.668643400 -3.658260280 0.344868586 0.840288416 0.210746885 0.361340264
25.745000124 8.109230977 -1.387129618 -3.577785815 0.413542388 0.772108501 0.020137341 0.482105428
25.795000076 8.158701033 -1.058223349 -3.551196264 0.454433759 0.660733490 -0.166623868 0.573722669
25.845000029 8.252237236 -0.718565427 -3.587752195 0.468045801 0.516714365 -0.338648800 0.631867377
25.895000219 8.394958432 -0.403620878 -3.681920089 0.458149224 0.349438811 -0.487166947 0.656247035
25.945000172 8.581342809 -0.139321494 -3.817382473 0.428371633 0.168265341 -0.607405588 0.647489745
25.995000124 8.799170400 0.060500883 -3.972775294 0.381431552 -0.019380250 -0.696246286 0.607762689
26.095000029 9.626844457 0.234785000 -4.414467501 0.244556606 -0.384828687 -0.775051193 0.437486682
26.095000029 9.211992280 0.262453238 -4.240132197 0.248972325 -0.383422895 -0.770656329 0.443946492
26.145000219 9.418183723 0.290479121 -4.331575150 0.167906917 -0.545145617 -0.754365397 0.324894400
26.195000172 9.579834166 0.297218599 -4.373359758 0.080769156 -0.682829768 -0.701955690 0.185682686
26.245000124 9.682628415 0.311336047 -4.365462438 -0.008532194 -0.788321629 -0.614298068 0.033378059
26.295000076 9.722921502 0.361235307 -4.319828769 -0.096591804 -0.854142923 -0.495292492 -0.125679109
26.345000029 9.693765715 0.493581197 -4.245672748 -0.182983023 -0.874741772 -0.341684603 -0.290853362
26.395000219 9.628148805 0.699801765 -4.184404822 -0.259194073 -0.841828032 -0.170238479 -0.441772405
26.445000172 9.558505385 0.968775004 -4.163270204 -0.320786422 -0.759867044 0.005931578 -0.565387445
26.495000124 9.515755059 1.273634483 -4.197355548 -0.363836916 -0.635214080 0.177031889 -0.657864334
26.545000076 9.520179489 1.581987283 -4.286546328 -0.390819356 -0.479254983 0.331452119 -0.712540796
26.595000029 9.579628775 1.864910212 -4.417623908 -0.400259800 -0.300902654 0.464369319 -0.730486702
26.645000219 9.690619124 2.101920909 -4.572317508 -0.393139937 -0.111844671 0.571841254 -0.711287100
26.695000172 9.840346616 2.282068504 -4.728372392 -0.371213619 0.080949640 0.650638108 -0.657508674
26.745000124 10.009540862 2.403122192 -4.863980568 -0.332935876 0.270451341 0.699444041 -0.571653573
26.795000076 10.173778257 2.469653536 -4.961219648 -0.283672161 0.444553851 0.716541197 -0.456585908
26.845000029 10.306188325 2.495625728 -5.007184893 -0.221141949 0.599219125 0.701164811 -0.316860517
26.895000219 10.381128668 2.502383007 -4.997855912 -0.147960562 0.723860082 0.655964238 -0.154418820
26.945000172 10.380532821 2.515696868 -4.941738937 -0.067854849 0.810321598 0.581602847 0.022644110
26.995000124 10.301097851 2.562013024 -4.858115051 0.017559757 0.853967712 0.480113750 0.199803876
27.045000076 10.157932986 2.660568941 -4.772265087 0.108083908 0.852014855 0.357890777 0.366473392
27.095000029 9.949145796 2.848667063 -4.692462637 0.200986692 0.799776499 0.212517270 0.524212086
27.145000219 9.742227311 3.096261411 -4.656034365 0.285141974 0.701208138 0.062535354 0.650454096
27.195000172 9.573642498 3.380341037 -4.666789711 0.354932083 0.566276745 -0.083007445 0.739231783
27.245000124 9.465910217 3.672909446 -4.716358340 0.406648923 0.406188361 -0.219457343 0.788343925
27.295000076 9.425747920 3.948161761 -4.787535641 0.441827948 0.228836870 -0.340018294 0.798003328
27.345000029 9.446509241 4.186432756 -4.860419233 0.458403532 0.043422516 -0.443381051 0.769021411
27.395000219 9.511309247 4.374411360 -4.915367438 0.457229294 -0.141890686 -0.526502277 0.702569397
27.445000172 9.595728089 4.504568550 -4.936085737 0.437947257 -0.320981339 -0.586434297 0.601055734
27.495000124 9.669477578 4.576298724 -4.911075635 0.400462358 -0.484428878 -0.621918773 0.467092713
27.545000076 9.699721438 4.597463584 -4.836513450 0.345615769 -0.623890734 -0.631295921 0.304590796
27.595000029 9.657701926 4.584811401 -4.718800127 0.274403964 -0.730841056 -0.613199097 0.120667654
27.645000219 9.527680165 4.563508834 -4.574379059 0.188829874 -0.798281006 -0.567064703 -0.074352786
27.695000172 9.311881636 4.561049799 -4.426144933 0.092335618 -0.821889972 -0.494514652 -0.267256930
27.745000124 8.992263730 4.615930736 -4.279927362 -0.017662227 -0.797656846 -0.392198027 -0.457834369
27.795000076 8.641893549 4.733062510 -4.173461710 -0.126689549 -0.726785192 -0.272303527 -0.617724722
27.845000029 8.305774369 4.909281253 -4.112555348 -0.228493878 -0.617560477 -0.143671173 -0.738761260
27.895000219 8.020107560 5.127664299 -4.090472845 -0.319157685 -0.479705699 -0.012884290 -0.817223843
27.945000172 7.804685199 5.364316768 -4.092559403 -0.395804689 -0.322242304 0.113799713 -0.852377951
27.995000124 7.664090238 5.595747783 -4.099814586 -0.456654655 -0.152429434 0.232671609 -0.845041842
28.045000076 7.589074220 5.799504499 -4.093780918 -0.500221476 0.022501500 0.339253649 -0.796353640
28.095000029 7.560275376 5.957075937 -4.059544815 -0.523809644 0.196085857 0.430354299 -0.708497686
28.145000219 7.550313632 6.054206966 -3.987561661 -0.524127305 0.362099013 0.503392490 -0.583755834
28.195000172 7.526967954 6.084440488 -3.875580272 -0.498991603 0.513061996 0.552566846 -0.427135398
28.245000124 7.457236045 6.053088967 -3.730609514 -0.445620080 0.639382594 0.577413708 -0.243322937
28.295000076 7.316114579 5.977843647 -3.568433760 -0.366371403 0.729579967 0.575946559 -0.042078833
28.345000029 7.094066303 5.886187540 -3.410081985 -0.266131919 0.776974317 0.546842490 0.162628420
28.395000219 6.801060429 5.809488146 -3.275596293 -0.151596983 0.780712640 0.491136253 0.355374886
28.445000172 6.420180468 5.776825119 -3.165776878 -0.023321839 0.738754127 0.407010243 0.536694599
28.495000124 6.029270676 5.807087732 -3.101358558 0.103110533 0.656451569 0.303564431 0.682852979
28.545000076 5.667211752 5.900091829 -3.076779667 0.220371824 0.544074284 0.186586882 0.787784722
28.595000029 5.362848707 6.041692371 -3.078426904 0.326500151 0.408522836 0.063749221 0.849966341
28.645000219 5.131132123 6.210475878 -3.089628127 0.418559776 0.255988596 -0.059287700 0.869346031
28.695000172 4.974322989 6.381501584 -3.093517437 0.494744012 0.092241322 -0.176634834 0.845884175
28.745000124 4.883864016 6.528810099 -3.075664675 0.549204872 -0.071904103 -0.288038450 0.781177099
28.795000076 4.840496885 6.628596964 -3.026309645 0.579573973 -0.231960455 -0.388612249 0.677693793
28.845000029 4.817337427 6.662169541 -2.942670537 0.582529721 -0.381400956 -0.474419252 0.538626780
28.895000219 4.783196819 6.620938237 -2.830241974 0.555204935 -0.512100370 -0.541453989 0.369226583
28.945000172 4.707652624 6.510137696 -2.701933647 0.498400612 -0.615318667 -0.583639925 0.179844950
28.995000124 4.568357604 6.350764868 -2.575726344 0.413106741 -0.685951357 -0.598687420 -0.019670518
29.045000076 4.357394211 6.173959396 -2.469383796 0.306450137 -0.719176324 -0.584877792 -0.216313885
29.095000029 4.050445871 5.998646436 -2.384697913 0.174511927 -0.714285517 -0.540287958 -0.409182978
29.145000219 3.700919644 5.876118833 -2.341359785 0.033474735 -0.671054760 -0.467742992 -0.574266005
29.195000172 3.343901506 5.824460207 -2.334709251 -0.111364631 -0.595527591 -0.373622775 -0.702389371
29.245000124 3.013317748 5.844501115 -2.353202523 -0.253714456 -0.492124044 -0.264270987 -0.789685852
29.295000076 2.735916218 5.922872546 -2.380871600 -0.383502891 -0.366367213 -0.142470005 -0.835705029
29.345000029 2.527509194 6.035396541 -2.402332747 -0.495136176 -0.226202939 -0.013972645 -0.838735455
29.395000219 2.392868517 6.152167955 -2.404877547 -0.582324735 -0.077906429 0.118947929 -0.800424813
29.445000172 2.326007177 6.240842160 -2.380726854 -0.642781067 0.074073791 0.247153623 -0.721290968
29.495000124 2.308983838 6.272672121 -2.328375910 -0.671493031 0.220835020 0.367793151 -0.604199637
29.545000076 2.314485030 6.227547613 -2.253560930 -0.664807030 0.356594962 0.474036331 -0.454049781
29.595000029 2.310772072 6.099633614 -2.168469231 -0.622314942 0.471176116 0.559723919 -0.278255844
29.645000219 2.267598000 5.901272439 -2.089211847 -0.545517814 0.560907386 0.616610723 -0.087088665
29.695000172 2.164472155 5.659817821 -2.030610157 -0.439476713 0.620025905 0.640851128 0.108341713
29.745000124 1.995107188 5.412329323 -2.002137665 -0.310742260 0.645800935 0.631194267 0.296604445
29.795000076 1.744715062 5.170688386 -1.999713928 -0.156361418 0.637977209 0.585390191 0.475241529
29.845000029 1.456687309 4.995014770 -2.028759327 0.005705247 0.596393525 0.505514166 0.623488285
29.895000219 1.164234979 4.899581940 -2.078584340 0.165951945 0.525876834 0.397008092 0.733688001
29.945000172 0.900084912 4.881270479 -2.135451377 0.316951360 0.432143912 0.267055173 0.800921350
29.995000124 0.691151653 4.922059853 -2.186320763 0.451115021 0.321820204 0.122720823 0.823326541
30.045000076 0.555226358 4.992673939 -2.220188291 0.562389254 0.198423965 -0.030359568 0.802137490
30.095000029 0.497581316 5.057908781 -2.231521748 0.645070714 0.066208489 -0.185165298 0.738386093
30.145000219 0.510482286 5.082568549 -2.220887393 0.693609829 -0.069241082 -0.333485880 0.634742661
30.195000172 0.571619587 5.037800878 -2.195171370 0.703500481 -0.201941789 -0.467396750 0.495829471
30.245000124 0.648607658 4.909734244 -2.166035026 0.672472685 -0.324935839 -0.577703165 0.329326953
30.295000076 0.705274134 4.702529564 -2.146691353 0.602964876 -0.427322879 -0.657792958 0.145385487
30.345000029 0.711426932 4.440249749 -2.147989951 0.496126310 -0.509521179 -0.701730113 -0.042681388
30.395000219 0.649449314 4.158667269 -2.174936907 0.362490557 -0.565152863 -0.706583185 -0.223479396
30.445000172 0.518491353 3.895269234 -2.226927486 0.208882829 -0.590789788 -0.675151572 -0.389237389
30.495000124 0.316290766 3.655015369 -2.293719769 0.035989781 -0.585030400 -0.605880015 -0.537915954
30.545000076 0.083751750 3.493216173 -2.369994858 -0.136631916 -0.548044585 -0.503006223 -0.654189263
30.595000029 -0.144351212 3.414821147 -2.443922213 -0.301430089 -0.483735518 -0.374246921 -0.731491006
30.645000219 -0.334712615 3.407645585 -2.504961527 -0.448752941 -0.394610755 -0.225720758 -0.769385008
30.695000172 -0.460522772 3.446324940 -2.545999798 -0.571073607 -0.285196199 -0.064223218 -0.767081118
30.745000124 -0.507437837 3.496320684 -2.564775218 -0.662226814 -0.160931043 0.102594627 -0.724590359
30.795000076 -0.475518035 3.520477078 -2.564499832 -0.716535171 -0.028677422 0.266395842 -0.644040535
30.845000029 -0.381238911 3.486697868 -2.553144317 -0.730914714 0.104913482 0.416991866 -0.529976061
30.895000219 -0.254408702 3.375233806 -2.541514359 -0.704372801 0.230910192 0.547070504 -0.388912978
30.945000172 -0.132088440 3.185096315 -2.540006473 -0.637484510 0.343459498 0.650491260 -0.229151026
30.995000124 -0.049196000 2.933200757 -2.556176831 -0.534841581 0.436905398 0.720673396 -0.060729016
31.045000076 -0.029335747 2.649246833 -2.592221524 -0.403901121 0.506550542 0.754158169 0.107312114
31.095000029 -0.081087430 2.368275976 -2.643921717 -0.253843573 0.550450820 0.749757044 0.265389734
31.145000219 -0.197786014 2.121381019 -2.703416733 -0.092509022 0.567794218 0.709273351 0.407410262
31.195000172 -0.361483771 1.931409950 -2.761274458 0.070549835 0.559230874 0.635496616 0.527662393
31.245000124 -0.560922338 1.789008381 -2.809189246 0.234324329 0.523157534 0.527178561 0.627280694
31.295000076 -0.748976749 1.722524557 -2.837434772 0.386694646 0.462317146 0.392446492 0.694777560
31.345000029 -0.894532749 1.718503734 -2.841553267 0.519948925 0.380164587 0.237475946 0.727140411
31.395000219 -0.973272738 1.752937045 -2.821647407 0.628392237 0.280206540 0.070553450 0.722239367
31.445000172 -0.971729190 1.793792391 -2.781843097 0.705156116 0.166441621 -0.102607453 0.681559791
31.495000124 -0.891224624 1.807007953 -2.730455150 0.744969424 0.044375985 -0.273877191 0.606665158
31.545000076 -0.748274956 1.764531013 -2.679028841 0.745880916 -0.079893592 -0.431440810 0.501136210
31.595000029 -0.573294144 1.649570861 -2.639257322 0.707123901 -0.199964120 -0.567648548 0.371167436
31.645000219 -0.403139648 1.461568689 -2.619106040 0.632054370 -0.308456098 -0.674447506 0.224683493
31.695000172 -0.271567968 1.217004570 -2.621617308 0.525220013 -0.402657707 -0.746356906 0.070442021
31.745000124 -0.201621350 0.942666133 -2.643215521 0.395039105 -0.477348401 -0.780427800 -0.083755942
31.795000076 -0.202046980 0.670614429 -2.676973001 0.246536181 -0.531155040 -0.777115451 -0.230620488
31.845000029 -0.268274238 0.428697710 -2.713719266 0.089606517 -0.561658700 -0.737250788 -0.364652510
31.895000219 -0.383343310 0.238388310 -2.743696364 -0.070190759 -0.567881752 -0.663622154 -0.481860157
31.945000172 -0.537669882 0.091057028 -2.762975499 -0.234242968 -0.546985182 -0.555197563 -0.581113680
31.995000124 -0.686967038 0.019900721 -2.762460249 -0.385818817 -0.500995959 -0.418944549 -0.651638208
32.045000076 -0.799556271 0.015184043 -2.740810528 -0.517158239 -0.431815610 -0.259952688 -0.691742174
32.095000029 -0.848759247 0.055879909 -2.701136257 -0.624227804 -0.340386402 -0.087078912 -0.697777908
32.145000219 -0.818425465 0.112917038 -2.649967216 -0.698471875 -0.233694764 0.092635841 -0.670031640
32.195000172 -0.707269297 0.153970496 -2.596868902 -0.737760132 -0.115643842 0.267647029 -0.608852656
32.245000124 -0.529500998 0.150563387 -2.552110985 -0.740115038 0.009034301 0.428510947 -0.518195408
32.295000076 -0.313508637 0.083713368 -2.523987801 -0.704755887 0.132545541 0.568337449 -0.403414630
32.345000029 -0.094717412 -0.050724014 -2.516343064 -0.634217586 0.250221715 0.679562765 -0.270834997
32.395000219 0.093618867 -0.242729839 -2.529080534 -0.535391106 0.355587440 0.755253140 -0.128478134
32.445000172 0.226704683 -0.470318234 -2.555854173 -0.411236351 0.446546625 0.794504749 0.015587813
32.495000124 0.292529998 -0.707213516 -2.588283700 -0.272331766 0.516465272 0.796291599 0.158173076
32.545000076 0.292139986 -0.926313139 -2.617050000 -0.122587123 0.563824787 0.762535400 0.292598310
32.595000029 0.237017275 -1.104895145 -2.635114432 0.029948510 0.586143169 0.694987523 0.415369252
32.645000219 0.147043217 -1.226955275 -2.638224512 0.180818698 0.582941443 0.596907862 0.520754141
32.695000172 0.032821825 -1.298459570 -2.629403660 0.328504002 0.551880601 0.467261125 0.607601814
32.745000124 -0.059161245 -1.298570054 -2.603479067 0.460629748 0.494308059 0.314672232 0.666679206
32.795000076 -0.100059833 -1.242648301 -2.563301660 0.570116678 0.411897934 0.145341797 0.695832470
32.845000029 -0.069520718 -1.155305981 -2.514762022 0.652104782 0.307361038 -0.031708892 0.692302746
32.895000219 0.039341690 -1.067706583 -2.465092188 0.703897561 0.185264597 -0.204622893 0.654472859
32.945000172 0.217744371 -1.010322047 -2.420770049 0.721680423 0.054305509 -0.364055845 0.586252182
32.995000124 0.442729769 -1.006498504 -2.385878355 0.705500639 -0.078976371 -0.503519554 0.492442524
33.045000076 0.682797985 -1.066697693 -2.362469810 0.657744870 -0.208631608 -0.616447196 0.379259004
33.095000029 0.906230894 -1.189444147 -2.349430333 0.581593876 -0.327637014 -0.700742940 0.251717862
33.145000219 1.086275886 -1.361194423 -2.343264168 0.483566037 -0.430793048 -0.753069734 0.116048326
33.195000172 1.204712779 -1.559469118 -2.339793229 0.367008059 -0.514144694 -0.774846742 -0.023934167
33.245000124 1.254802098 -1.759987725 -2.334173656 0.237979739 -0.574282211 -0.766051828 -0.163493678
33.295000076 1.239232553 -1.938495900 -2.323080182 0.101378596 -0.610003452 -0.727408303 -0.297481645
33.345000029 1.170349470 -2.071371903 -2.304504084 -0.037054810 -0.621462744 -0.660687902 -0.419407314
33.395000219 1.051634976 -2.159661968 -2.281115085 -0.178482770 -0.606458725 -0.563933632 -0.531347885
33.445000172 0.925609263 -2.171562529 -2.246860402 -0.310571887 -0.564328423 -0.442064516 -0.624225518
33.495000124 0.823144210 -2.109566043 -2.202211663 -0.428336443 -0.496133297 -0.299868104 -0.693151328
33.545000076 0.772186227 -1.987949684 -2.149205912 -0.527221902 -0.406758030 -0.145847879 -0.731651124
33.595000029 0.792360222 -1.831625038 -2.089970895 -0.602717165 -0.299088704 0.014801897 -0.739634282
33.645000219 0.890071282 -1.671739272 -2.026708919 -0.650512039 -0.177074491 0.176666861 -0.717124489
33.695000172 1.058172377 -1.537575789 -1.963711209 -0.667854783 -0.045731539 0.332692860 -0.664224417
33.745000124 1.275968107 -1.454912880 -1.900702640 -0.654398403 0.087593828 0.474222292 -0.582411598
33.795000076 1.513975366 -1.436096710 -1.837009008 -0.611595791 0.219044792 0.592979352 -0.475757770
33.845000029 1.740885512 -1.481029021 -1.770841614 -0.540579083 0.344122571 0.683768187 -0.349020024
33.895000219 1.928918981 -1.577908003 -1.699887789 -0.444693204 0.455157849 0.743165365 -0.206844209
33.945000172 2.057086165 -1.708197501 -1.623585149 -0.330240124 0.546530897 0.767479039 -0.056757058
33.995000124 2.117527717 -1.845298378 -1.539505845 -0.202965981 0.613722979 0.756932859 0.095924777
34.045000076 2.112319623 -1.961781294 -1.448287336 -0.066583167 0.655033245 0.712435563 0.242762638
34.095000029 2.048723198 -2.039522610 -1.351036548 0.082227337 0.667709644 0.632487851 0.383877082
34.145000219 1.952740966 -2.045328600 -1.248615135 0.231735808 0.648147942 0.521894019 0.503814841
34.195000172 1.856826288 -1.971719928 -1.143880057 0.370065342 0.597013470 0.385698937 0.598216423
34.245000124 1.793418450 -1.827523709 -1.040923104 0.489361893 0.516972377 0.230117281 0.663558992
34.295000076 1.789368088 -1.634511763 -0.943186772 0.584302837 0.411903300 0.064063379 0.696291426
34.345000029 1.860441075 -1.421908064 -0.854191382 0.650013385 0.288060926 -0.104555293 0.695393193
34.395000219 2.005588017 -1.223703432 -0.776093413 0.683979342 0.152026443 -0.266905513 0.661680941
34.445000172 2.208274869 -1.070225312 -0.709281229 0.684491185 0.010707750 -0.416744827 0.598064303
34.495000124 2.442649802 -0.981584928 -0.653485419 0.654083022 -0.128112837 -0.545900232 0.507696206
34.545000076 2.677551766 -0.965548128 -0.606760204 0.595012565 -0.259605017 -0.649464808 0.395930229
34.595000029 2.883464702 -1.016724660 -0.565916211 0.511401287 -0.378876467 -0.723310600 0.267849066
34.645000219 3.036689416 -1.118946303 -0.527638499 0.407134631 -0.481146721 -0.765632263 0.128633054
34.695000172 3.122391205 -1.248885611 -0.488375142 0.287307179 -0.562566879 -0.775067450 -0.015605764
34.745000124 3.136324889 -1.379219006 -0.445662977 0.156914549 -0.620722441 -0.751647887 -0.158451663
34.795000076 3.079591160 -1.495438729 -0.398593086 0.012938060 -0.653249346 -0.693758974 -0.302979181
34.845000029 2.969879809 -1.553106607 -0.346129213 -0.131190734 -0.655699653 -0.603845787 -0.433840089
34.895000219 2.836370377 -1.535912116 -0.289976432 -0.270029930 -0.627835920 -0.485286619 -0.545346488
34.945000172 2.712037330 -1.441225053 -0.232441085 -0.396037970 -0.571569836 -0.343456953 -0.631267907
34.995000124 2.628223067 -1.280935805 -0.176683062 -0.504420309 -0.487739877 -0.185910954 -0.687827800
35.045000076 2.608247829 -1.078628843 -0.126438131 -0.588551165 -0.381687708 -0.019934876 -0.712407622
35.095000029 2.662905180 -0.865802859 -0.084471699 -0.646461388 -0.258015432 0.145306912 -0.703136979
35.145000219 2.787976805 -0.675242806 -0.052401670 -0.675668253 -0.121792235 0.303200833 -0.660839102
35.195000172 2.966429615 -0.534407344 -0.030796363 -0.675279835 0.019842154 0.445434622 -0.587529940
35.245000124 3.172813222 -0.461700676 -0.018680254 -0.646004658 0.160517202 0.565356610 -0.487118173
35.295000076 3.376721770 -0.462945168 -0.015576165 -0.588450975 0.294514977 0.658909703 -0.364450795
35.345000029 3.548846610 -0.531337926 -0.018676391 -0.505501378 0.414911197 0.722318592 -0.224884207
35.395000219 3.664928215 -0.649481449 -0.025744121 -0.401643188 0.515907235 0.752973492 -0.074521099
35.445000172 3.704077958 -0.808672131 -0.034341943 -0.273302491 0.596726210 0.749228216 0.088773083
35.495000124 3.660399843 -0.956121094 -0.044131158 -0.133035955 0.647547590 0.708035043 0.248334314
35.545000076 3.547095798 -1.058735105 -0.054806759 0.013714462 0.665494308 0.631807534 0.397175627
35.595000029 3.390440728 -1.092088538 -0.066423396 0.160755239 0.650261914 0.524247876 0.525814949
35.645000219 3.225176586 -1.046069678 -0.079024994 0.299991225 0.602800055 0.390635442 0.627727099
35.695000172 3.086566610 -0.925545163 -0.093629305 0.423577954 0.526527709 0.238119887 0.697602471
35.745000124 3.003500503 -0.750375876 -0.111203699 0.526605612 0.425623834 0.075021663 0.732053708
35.795000076 2.993344101 -0.550551619 -0.132286080 0.604615240 0.304842874 -0.089970155 0.730353753
35.845000029 3.058530460 -0.359639059 -0.157248805 0.654073323 0.169342249 -0.249872382 0.693595763
35.895000219 3.187609282 -0.208783154 -0.186350965 0.672331689 0.027638413 -0.397462170 0.623883035
35.945000172 3.357612590 -0.120915390 -0.219905336 0.661145364 -0.114643584 -0.523177202 0.525384879
35.995000124 3.538778084 -0.107158332 -0.257517803 0.621948264 -0.249402952 -0.622818913 0.403825612
36.045000076 3.700071493 -0.164502664 -0.298447951 0.556022287 -0.371273958 -0.695304202 0.263717521
36.145000219 3.918274634 -0.476070151 -0.335517570 0.345153495 -0.554987172 -0.754656623 -0.057893747
36.145000219 3.854871551 -0.409722812 -0.392336660 0.349162050 -0.553312647 -0.754397246 -0.053063857
36.195000172 3.811424031 -0.576731885 -0.441259097 0.211421713 -0.608159468 -0.731839517 -0.223279741
36.245000124 3.692193419 -0.710079319 -0.493059068 0.063091345 -0.631641771 -0.671992292 -0.381411215
36.295000076 3.520036106 -0.780943082 -0.546042476 -0.089540487 -0.622409139 -0.578523144 -0.519519333
36.345000029 3.326868347 -0.773484124 -0.598652281 -0.237391674 -0.581364560 -0.456917412 -0.629989619
